r	g	b	c	m	y	k
0	0	0	255	255	255	0
1	1	1	254	254	254	0
2	2	2	253	253	253	0
3	3	3	252	252	252	0
4	4	4	251	251	251	0
5	5	5	250	250	250	0
6	6	6	249	249	249	0
7	7	7	248	248	248	0
8	8	8	247	247	247	0
9	9	9	246	246	246	0
10	10	10	245	245	245	0
11	11	11	244	244	244	0
12	12	12	243	243	243	0
13	13	13	242	242	242	0
14	14	14	241	241	241	0
15	15	15	240	240	240	0
16	16	16	239	239	239	0
17	17	17	238	238	238	0
18	18	18	237	237	237	0
19	19	19	236	236	236	0
20	20	20	235	235	235	0
21	21	21	234	234	234	0
22	22	22	233	233	233	0
23	23	23	232	232	232	0
24	24	24	231	231	231	0
25	25	25	230	230	230	0
26	26	26	229	229	229	0
27	27	27	228	228	228	0
28	28	28	227	227	227	0
29	29	29	226	226	226	0
30	30	30	225	225	225	0
31	31	31	224	224	224	0
32	32	32	223	223	223	0
33	33	33	222	222	222	0
34	34	34	221	221	221	0
35	35	35	220	220	220	0
36	36	36	219	219	219	0
37	37	37	218	218	218	0
38	38	38	217	217	217	0
39	39	39	216	216	216	0
40	40	40	215	215	215	0
41	41	41	214	214	214	0
42	42	42	213	213	213	0
43	43	43	212	212	212	0
44	44	44	211	211	211	0
45	45	45	210	210	210	0
46	46	46	209	209	209	0
47	47	47	208	208	208	0
48	48	48	207	207	207	0
49	49	49	206	206	206	0
50	50	50	205	205	205	0
51	51	51	204	204	204	0
52	52	52	203	203	203	0
53	53	53	202	202	202	0
54	54	54	201	201	201	0
55	55	55	200	200	200	0
56	56	56	199	199	199	0
57	57	57	198	198	198	0
58	58	58	197	197	197	0
59	59	59	196	196	196	0
60	60	60	195	195	195	0
61	61	61	194	194	194	0
62	62	62	193	193	193	0
63	63	63	192	192	192	0
64	64	64	191	191	191	0
65	65	65	190	190	190	0
66	66	66	189	189	189	0
67	67	67	188	188	188	0
68	68	68	187	187	187	0
69	69	69	186	186	186	0
70	70	70	185	185	185	0
71	71	71	184	184	184	0
72	72	72	183	183	183	0
73	73	73	182	182	182	0
74	74	74	181	181	181	0
75	75	75	180	180	180	0
76	76	76	179	179	179	0
77	77	77	178	178	178	0
78	78	78	177	177	177	0
79	79	79	176	176	176	0
80	80	80	175	175	175	0
81	81	81	174	174	174	0
82	82	82	173	173	173	0
83	83	83	172	172	172	0
84	84	84	171	171	171	0
85	85	85	170	170	170	0
86	86	86	169	169	169	0
87	87	87	168	168	168	0
88	88	88	167	167	167	0
89	89	89	166	166	166	0
90	90	90	165	165	165	0
91	91	91	164	164	164	0
92	92	92	163	163	163	0
93	93	93	162	162	162	0
94	94	94	161	161	161	0
95	95	95	160	160	160	0
96	96	96	159	159	159	0
97	97	97	158	158	158	0
98	98	98	157	157	157	0
99	99	99	156	156	156	0
100	100	100	155	155	155	0
101	101	101	154	154	154	0
102	102	102	153	153	153	0
103	103	103	152	152	152	0
104	104	104	151	151	151	0
105	105	105	150	150	150	0
106	106	106	149	149	149	0
107	107	107	148	148	148	0
108	108	108	147	147	147	0
109	109	109	146	146	146	0
110	110	110	145	145	145	0
111	111	111	144	144	144	0
112	112	112	143	143	143	0
113	113	113	142	142	142	0
114	114	114	141	141	141	0
115	115	115	140	140	140	0
116	116	116	139	139	139	0
117	117	117	138	138	138	0
118	118	118	137	137	137	0
119	119	119	136	136	136	0
120	120	120	135	135	135	0
121	121	121	134	134	134	0
122	122	122	133	133	133	0
123	123	123	132	132	132	0
124	124	124	131	131	131	0
125	125	125	130	130	130	0
126	126	126	129	129	129	0
127	127	127	128	128	128	0
128	128	128	127	127	127	0
129	129	129	126	126	126	0
130	130	130	125	125	125	0
131	131	131	124	124	124	0
132	132	132	123	123	123	0
133	133	133	122	122	122	0
134	134	134	121	121	121	0
135	135	135	120	120	120	0
136	136	136	119	119	119	0
137	137	137	118	118	118	0
138	138	138	117	117	117	0
139	139	139	116	116	116	0
140	140	140	115	115	115	0
141	141	141	114	114	114	0
142	142	142	113	113	113	0
143	143	143	112	112	112	0
144	144	144	111	111	111	0
145	145	145	110	110	110	0
146	146	146	109	109	109	0
147	147	147	108	108	108	0
148	148	148	107	107	107	0
149	149	149	106	106	106	0
150	150	150	105	105	105	0
151	151	151	104	104	104	0
152	152	152	103	103	103	0
153	153	153	102	102	102	0
154	154	154	101	101	101	0
155	155	155	100	100	100	0
156	156	156	99	99	99	0
157	157	157	98	98	98	0
158	158	158	97	97	97	0
159	159	159	96	96	96	0
160	160	160	95	95	95	0
161	161	161	94	94	94	0
162	162	162	93	93	93	0
163	163	163	92	92	92	0
164	164	164	91	91	91	0
165	165	165	90	90	90	0
166	166	166	89	89	89	0
167	167	167	88	88	88	0
168	168	168	87	87	87	0
169	169	169	86	86	86	0
170	170	170	85	85	85	0
171	171	171	84	84	84	0
172	172	172	83	83	83	0
173	173	173	82	82	82	0
174	174	174	81	81	81	0
175	175	175	80	80	80	0
176	176	176	79	79	79	0
177	177	177	78	78	78	0
178	178	178	77	77	77	0
179	179	179	76	76	76	0
180	180	180	75	75	75	0
181	181	181	74	74	74	0
182	182	182	73	73	73	0
183	183	183	72	72	72	0
184	184	184	71	71	71	0
185	185	185	70	70	70	0
186	186	186	69	69	69	0
187	187	187	68	68	68	0
188	188	188	67	67	67	0
189	189	189	66	66	66	0
190	190	190	65	65	65	0
191	191	191	64	64	64	0
192	192	192	63	63	63	0
193	193	193	62	62	62	0
194	194	194	61	61	61	0
195	195	195	60	60	60	0
196	196	196	59	59	59	0
197	197	197	58	58	58	0
198	198	198	57	57	57	0
199	199	199	56	56	56	0
200	200	200	55	55	55	0
201	201	201	54	54	54	0
202	202	202	53	53	53	0
203	203	203	52	52	52	0
204	204	204	51	51	51	0
205	205	205	50	50	50	0
206	206	206	49	49	49	0
207	207	207	48	48	48	0
208	208	208	47	47	47	0
209	209	209	46	46	46	0
210	210	210	45	45	45	0
211	211	211	44	44	44	0
212	212	212	43	43	43	0
213	213	213	42	42	42	0
214	214	214	41	41	41	0
215	215	215	40	40	40	0
216	216	216	39	39	39	0
217	217	217	38	38	38	0
218	218	218	37	37	37	0
219	219	219	36	36	36	0
220	220	220	35	35	35	0
221	221	221	34	34	34	0
222	222	222	33	33	33	0
223	223	223	32	32	32	0
224	224	224	31	31	31	0
225	225	225	30	30	30	0
226	226	226	29	29	29	0
227	227	227	28	28	28	0
228	228	228	27	27	27	0
229	229	229	26	26	26	0
230	230	230	25	25	25	0
231	231	231	24	24	24	0
232	232	232	23	23	23	0
233	233	233	22	22	22	0
234	234	234	21	21	21	0
235	235	235	20	20	20	0
236	236	236	19	19	19	0
237	237	237	18	18	18	0
238	238	238	17	17	17	0
239	239	239	16	16	16	0
240	240	240	15	15	15	0
241	241	241	14	14	14	0
242	242	242	13	13	13	0
243	243	243	12	12	12	0
244	244	244	11	11	11	0
245	245	245	10	10	10	0
246	246	246	9	9	9	0
247	247	247	8	8	8	0
248	248	248	7	7	7	0
249	249	249	6	6	6	0
250	250	250	5	5	5	0
251	251	251	4	4	4	0
252	252	252	3	3	3	0
253	253	253	2	2	2	0
254	254	254	1	1	1	0
255	255	255	0	0	0	0
